0 0.216667 0.553571 0.108889 0.875000
0 0.297778 0.607143 0.062222 0.767857
0 0.352222 0.473214 0.046667 0.500000
0 0.412222 0.870536 0.064444 0.241071
0 0.394444 0.446429 0.051111 0.571429
0 0.456667 0.571429 0.068889 0.642857
0 0.523333 0.558036 0.082222 0.883929
0 0.601111 0.651786 0.073333 0.696429
0 0.665556 0.620536 0.073333 0.758929
0 0.734444 0.602679 0.064444 0.794643
0 0.794444 0.602679 0.077778 0.776786
80 0.210000 0.593750 0.095556 0.598214
80 0.292222 0.656250 0.068889 0.491071
80 0.395556 0.549107 0.053333 0.383929
80 0.405556 0.959821 0.051111 0.080357
80 0.455556 0.598214 0.071111 0.375000
80 0.520000 0.571429 0.084444 0.500000
80 0.600000 0.700893 0.066667 0.401786
80 0.666667 0.660714 0.071111 0.464286
80 0.734444 0.593750 0.051111 0.312500
80 0.793333 0.642857 0.088889 0.428571
