0 0.132727 0.543716 0.192727 0.912568
0 0.320000 0.199454 0.101818 0.125683
0 0.316364 0.631148 0.196364 0.737705
0 0.454545 0.590164 0.087273 0.819672
0 0.512727 0.161202 0.080000 0.158470
0 0.612727 0.188525 0.098182 0.224044
0 0.723636 0.584699 0.130909 0.819672
0 0.880000 0.554645 0.203636 0.879781
80 0.134545 0.519126 0.189091 0.480874
80 0.330909 0.636612 0.218182 0.366120
80 0.469091 0.543716 0.145455 0.387978
80 0.592727 0.333333 0.130909 0.120219
80 0.692727 0.590164 0.214545 0.426230
80 0.878182 0.521858 0.200000 0.497268
