0 0.083990 0.564394 0.162730 0.840909
0 0.220472 0.537879 0.136483 0.909091
0 0.358268 0.587121 0.123360 0.810606
0 0.464567 0.534091 0.120735 0.901515
0 0.541995 0.700758 0.070866 0.583333
0 0.618110 0.621212 0.097113 0.727273
0 0.704724 0.515152 0.128609 0.954545
0 0.843832 0.503788 0.144357 0.962121
0 0.958005 0.507576 0.078740 0.924242
80 0.080052 0.602273 0.154856 0.568182
80 0.220472 0.568182 0.131234 0.560606
80 0.354331 0.628788 0.120735 0.530303
80 0.460630 0.571970 0.118110 0.583333
80 0.540682 0.803030 0.068241 0.363636
80 0.619423 0.719697 0.094488 0.484848
80 0.708661 0.518939 0.131234 0.522727
80 0.842520 0.564394 0.152231 0.628788
80 0.956693 0.590909 0.081365 0.636364
